[1.JPG]
filters=tilt=1,1.000000,0.000000;
moddate=28f8c4cb381bd001
width=500
height=500
textactive=0
